10
01 01 02 02 03 03 04 05 06 06
01 01 02 04 04 04 04 07 06 06
08 08 02 09 10 11 04 07 06 06
08 08 12 09 10 11 04 14 14 06
13 13 12 10 10 10 16 14 14 14
13 15 15 10 10 16 16 17 14 14
15 15 15 15 18 16 16 18 19 19
20 15 21 22 18 18 18 18 23 19
20 20 21 22 22 22 24 23 23 19
20 20 21 21 24 24 24 23 23 23
4 0 4 2 0 0 6 0 7 4
3 1 0 1 0 4 0 0 0 3
0 0 1 0 6 0 3 0 5 2
0 1 0 0 4 0 0 5 0 0
2 0 0 7 0 3 0 3 6 2
0 7 0 0 0 5 3 0 0 1
0 3 0 6 3 0 2 6 2 0
4 2 0 0 0 5 0 0 4 3
2 5 0 1 2 0 2 0 3 0
1 0 0 2 4 0 1 2 0 5
