17
01 02 02 03 04 04 05 05 05 05 06 06 06 06 06 06 06
02 02 02 03 03 04 05 07 07 08 08 09 10 10 10 10 11
02 02 12 03 13 04 05 05 07 07 07 09 10 10 10 11 11
14 14 12 12 13 15 16 16 07 07 09 09 17 17 17 11 18
19 20 21 12 13 15 22 16 16 09 09 09 17 17 17 18 18
19 21 21 12 13 23 22 22 24 25 25 25 25 26 26 18 18
19 19 27 13 13 23 23 24 24 24 28 25 25 26 26 29 18
30 19 27 30 23 23 23 31 32 24 28 33 34 34 26 29 29
30 19 27 27 35 35 36 31 32 37 37 33 38 38 29 29 39
30 40 27 27 36 36 36 31 32 41 41 33 33 38 38 29 39
40 40 40 42 42 42 36 43 32 32 41 44 44 45 38 38 39
46 40 42 42 42 43 43 43 32 41 41 44 45 45 39 39 39
46 46 47 48 48 43 43 43 49 41 41 44 45 45 50 50 50
46 46 47 47 48 48 51 52 49 49 53 53 54 54 50 55 50
56 56 47 47 51 51 51 52 52 52 53 53 54 54 55 55 55
56 57 47 47 51 51 58 59 59 60 60 53 54 61 61 55 62
56 56 56 56 58 58 58 58 58 58 60 60 60 61 61 55 55
0 3 0 0 0 0 5 1 0 3 1 0 7 3 0 4 2
6 0 0 0 0 3 0 0 0 0 2 5 0 0 0 3 4
5 0 0 1 5 0 2 0 0 5 0 0 4 1 0 0 0
0 0 0 0 0 0 0 0 0 2 7 0 6 0 4 0 6
6 0 0 4 3 0 0 2 0 0 0 0 2 1 0 4 0
0 0 0 0 0 5 0 0 3 0 4 0 5 0 5 0 2
1 0 0 0 0 3 0 0 0 5 0 3 0 0 4 0 0
0 0 0 0 0 0 1 0 0 0 0 0 1 0 0 0 2
0 0 5 0 0 0 0 0 0 0 0 0 0 6 4 0 0
0 4 0 0 4 0 3 0 3 0 5 0 2 0 2 0 0
5 0 2 0 3 5 0 6 0 0 0 0 0 5 0 3 0
0 0 4 2 0 0 7 0 0 7 0 0 3 0 6 5 0
3 0 0 1 4 0 2 4 0 0 2 0 0 0 5 0 0
0 1 0 6 0 2 0 0 0 3 0 5 0 0 3 6 2
0 0 4 0 5 6 2 0 0 0 3 0 0 1 0 4 7
2 0 2 0 4 0 0 0 1 0 0 1 0 4 0 0 0
1 7 6 5 0 4 1 7 2 3 1 2 3 0 2 0 0
